1107360704090095686
969129385150009394
1062409827315355750
1103007074197196801
1003132971177484308
1069148927170969741
1102985709486350447
1103010684813459476
1062411114496933980
1103010820071378994
1102996521475113042
1102986556861583360
1099735838692220928
1074202135115354162
1102987547682021467
1103006995600117760
1102985638346772622
1103007667800252497
1041344645512310794
1077399822614667346
1103007793637756998
1103008182349074535
1103008205455503420
802942899531939850
1041787936867364944
1108749069037350993
1102987696923742238
974191304911233054
1089315884918657084
1093533427208294430
1045831106458558575
1102996958177669190
1096772052167446549
1103008287659671552
1103009813622968361
874166320470577182
1102986331774271538
1103009798053703690
1043923466157559808
1102986996227518575
1103010412766711828
1083848057210286080
1102996515586326559
1103009306628067388
1102997434956783646
1108864067105456138
1103008795745079347
1104880338888560663
941550209220104322
1102986535080575076
1102997211610087505
1108730352677167125
1102986475194302536
1004260272963330109
1022177571699433555
1102987079597686925
1102986082636791968
1102987049394507848
1102986036927279164
1107236509318389810
1062410032874004552
1103009922247041164
1103009210729504778
1109870426227744839
1005091728916746281
1034014682723397632
1100713175340568617
933946073221857292
1102997012003172402
1073252691389722734
970288039102406656
1102996977773445130
1103010071736242266
1102987362889379920
1102997115334033418
823915396448387073
923234556298002452
1103010757521702984
1062415112381669496
1103010824404074616
1101166206926467162
1102987050979958854
1008736762258001981
1103008026857852970
1102986209589989446
1102987664631795753
1102997267008454788
1102985819918192680
1102994338398601346
1062410043208781907
1103006891979845662
1103009910398144593
1062409442244706334
1062411450947223613
1103009970775138384
1080469591903445103
1102986373864095835
1102996504349769798
1102986298677010615
1110094309866352650
1103008152628248697
864250014797004850
1045831978513084416
1102996508565061653
1062410352396079155
1102997328048165044
1102986367476183140
1062634224936558592
1108862364192870581
1062411110453616700
914399726198214676
1062414582196486205
986573386039820380
1103007933081595924
1062411189403013140
993378589510729758
1102986785212076113
837193234584961065
1035797715562532935
1052672886000848996
1103007903218155670
1102994277971271751
957559698024964177
1103008368018325545
1103010357775188040
1103010941320306810
820634531630809089
1102987580603121755
1102997042978115627
1008653374733959190
1014060152963465236
1102987672089264128
1058123293963599922
1102997444792430715
1008652564939690014
1102987415792144404
1094372573703307326
850064935249772565
1102997005090967694
1103009401461280828
1108704402082119710
1102985874641264752
1102986208969232437
1087711744270544918
1103007109332877355
1102987501691486339
1109425102187151390
1103008897763123240
1103007620433973319
1103006893649170543
1108863606046588980
1092819162310651987
1102987881968050187
1102987257704624281
1102986024344358942
1102985778482643007
1063686278056521748
927548933016784937
1102997149412769834
959369618399592458
1102985930287091772
1062411005507944600
1108750361335976046
1103010032477548554
1102996928515555379
1103010783815803021
1062445622512337078
1103009358289305641
1069761903334793286
1103009399750021181
1102996621500882984
1062410023680098394
1103006833557393531
1103007837589884968
1062408670043983992
1102987861189464064
1102987110253862972
1103006727726694461
1103009342862671902
1102997497816817684
1080469681950965810
1076811587207319642
1102986480466538506
1062410268241580062
1103009994145812611
1071310509699244043
980471048090816563
985333392730116136
955498959344918568
1108743520518418442
983978747428491305
1105739315528609842
1009421876566687795
986308156961468446
1095386747967393845
958565252730093639
981101201347186748
1102996564726775929
1103010833296003123
863759161845481472
1103009804080926811
1072159961624350771
1041789462293778524
1102986326611083374
1055558940605300777
1062410366128226354
1032715529795932170
1062409155211698256
1102987060320669787
1103008243556556902
1103008473475715192
1103009613374292018
1103007897430020208
1109754873098031174
1102986525450453033
1028623357517770822
1107083430010822697
1102986208000348282
1102996980411682856
1080469717048905810
1102986838869807114
1102997377176043600
1062410949966954498
1103010672029225091
892455944930344960
910018554420662282
1103009099861475368
1102996941425610852
1102986585068273674
950002388071239730
1094556642869248000
1102997586358571019
1103008425425784902
826356096414253087
1098615637615583273
1102996463430139954
1056266713362075708
1097129831935778897
1103007405719162942
1102987073474019328
1080469793695596614
1102985963896049694
599176370492407830
1096728096318685234
1102996463446929490
1102996880092303410
1102985769452310610
1108764235766448360
1102997423065936012
990849154806874112
965759709439201341
1026731147281047583
1102986038240088145
1089762993736253453
1057300625756532856
985511137963552868
829914582860169248
1031104811061497856
1102996509039013999
1088852341945536544
1103006727793811536
1102985971215114260
1060922930822922280
1103010783744503880
1077054634662842448
1103009456800923689
1062415587894120570
1102996727662911609
1103331364503289856
1103009888617119846
1103007738625282098
980458684457042000
1062410116571353168
1103007556785418361
1033400322804166777
1089551463568658623
817753626197622834
1043493208556052520
937989449835483146
1053707026900983828
1102996711158329477
971378280865366022
1102987232559763496
1062411082280480788
1102987448914554880
1102985988441112596
1103010618304368712
1106489926612164608
1107058931764830288
1102996962585886761
1090900623035203626
1102997478401388595
1045830110680449074
1102986139817754674
960976039742414909
1102986317379408005
1103008349282373685
1102986997141864550
1096719610813878292
1103007609105154088
1062411280712994836
1109072923463008266
1103009019859324960
1102987167858446367
1071844095565234327
1103009661919178852
937692577610735717
1079685496881553468
1102986515262484481
1106280454144933888
1062408362542768159
1016303439996780594
942342156671144017
1103010705625591819
995085947249098803
1088093002934779986
1103010767827116103
1103009085495967815
1103009733796970497
1072333083036110929
1102996909364363334
1080469877548142673
1102986896147230773
1102986023568416790
1103008319288922223
962732403330252800
1103008734042660915
1103008837197377728
1102987417448882209
1102985877195604034
1103008727747018855
1103009701224005683
1103008511031509083
1109403435389960233
919577589780201492
1017857575166939217
1103007670253924403
992471153182527639
1110442288699674625
1103008234459119667
1062410986457403462
1102997455060082688
1103009293013364768
1080724292158889994
1103007458630303757
1103009580792950925
1103010244507996350
1102996746767958168
947531059401203773
1102996734155706438
1102996519809982556
768020290537914379
1102985673197228033
1103007376593932358
1103007976790446150
1109672174748434504
1102987016649584701
1102986738986659950
1103007741469008034
1102931669889065040
912933792803618816
1080470314376511538
1103008126103457923
1109871791884746853
1059179359237308586
1102808057102225528
1015978252365475901
999357517824012298
1061843877738332251
1102996831052517387
1103009417059893319
1102986889008521288
1079689741424930826
1102985652959711353
1102996992113774752
907495190439284758
1062410551034130442
1102985974746714165
1045832959191699480
1076825955366076478
1103008020084043931
1102987165677391882
1062410960414978109
1103007838269362218
901538492100792330
1110841351177785375
1102997598236852295
1064866248497844265
1096724915492753450
1050800007831371848
1110940508462796821
1041387399298682901
958261344145125417
1102986271573426236
1102986826354020392
924644614646923285
1103007558429593771
955853607331319818
1102986273645396039
1108862851763937441
786916182413410304
970369127451611136
952858861855977493
1033579605984034816
1104251230101966998
1080469723310981130
1111502337169702913
1103008049582575686
1102997018953142293
1102987896547446865
1037762318190252084
976814253719830528
990549047251177524
1102997037454205019
1102986639082532976
1059658199474647121
995244397350371350
1103007286064066600
1103009292984008725
1086617945251258369
987221232875368509
1013697087625494528
1103008481541369957
1102986639690715236
1062409692455915580
953993234315636807
844770923537367080
1103008465141629040
